{
	"count":14,
	"props":[[1,5,100,188],[0,5,901,180],[-1,0,498,100],[-1,0,504,900],[-1,0,731,780],[-1,0,867,514],[-1,0,143,504],[-1,0,294,778],[-1,0,753,354],[-1,0,608,590],[-1,0,417,591],[-1,0,269,366],[-1,0,592,336],[-1,0,428,338]],
	"adj":[[2,6,11],[2,5,8],[1,0,12,13],[7,4,10,9],[3,5,9],[4,1],[0,7],[6,3,10],[1,9,12],[8,10,4,3,12],[9,11,7,3,13],[10,0,13],[9,13,2,8],[10,12,2,11]],
	"escape":2,
	"nodeBonus":4,
	"edgeBonus":1,
	"firstlvl":10,
	"secondlvl":30,
	"lossRate1":0.666666666666667,
	"lossRate2":0.333333333333333,
	"turns":100
}